01011011111101010000100111111001110010101011000000010010101001110001011101101101
00100001011010110110100111100100111111011110101000011000111001010101100011001101
01011011101111011000000110011001110110010100011110100110111101010100101111100110
11010110101101000101111110111010110011000110010101000111001100000001101110111000
11010110100100100111101000000001101010000010011000001101101011101000010010101001
00111011001100011001100101111111001100010100000110000011100001000110101110010001
01001111001011010101111111001111011111011010110000101011111000100101000101100100
11010101110111010000001111110100001001010001101001010001111101101011110111101000
11111110001011001101000111011011100011011010111011111011110111011010001100011110
01011100001111000000011011110010110000101000001001001100111101010001011111010110
01111100111101011000111111010011100000010000101111101010001000111001000000100011
00010110101100110101101000011101100101011111101011100000101010100100000111001100
11010111111110111101100010100101100111010101111011101110100110000010011001010111
00011111110011111011000010001111010101010101010110110100100011111111011001100101
11100101101010001101011100101111001011101010011101000110110101010111010111100010
10011011110110011001100011010011001100010001010110001000010011111001110111000011
00110100000110010101010100100111100110000010001111010100100011101111011000000111
10011100100001011101111100101100100010000100000100010000010100011010001011110110
11111111001101011001011100001101110000010100000100001111000110000110111101100110
11100000000000001110001001000100010100100101011100011111001111101111001000101111
11001011000101111001111111100001000101000100011101010000110110011001010000001101
00000001110111001101001001010010111101110100010000100100000111100010000000001101
10101101000110100000101111100000010110011100110111001110011111110101100010101101
00101101010101010000010011011001011100101110111111100000101011010111101111100000
11001001011101101010011100000000100100011101111011010010010111101110111011101000
10010111000111100101011110100100001011111100000011110011001100100000101010000101
00000101010011001001011010011001011101001000100010110111111001100011011110100011
00101000010001010000111110100011101011110111110110111001011100011110101100011001
01001011100100010011000001101110010111101101001000111111011000011000111011111010
10101010110010110111101010111010000101100100111100011110001100100101011111100000
00010100011000101111000111011000001011011101111001001001000100100110011111000010
11101111101100111010001100100011101111001111000111110100110101011100010101100101
11010011110110100110010111110101100101111110000011001010101001111001110011011111
01110011001011101010101011110001010010110100010110110011010010111010010000001111
10011101011011111111011010011100101011100100011100000101100010010110110100101010
11010100110111000101001000011110001111100110010110010100001101101010100000001010
00001001010001111011101101111101101001000011000100010100001111001101000111011001
01100101100011010101100010100001111100000101010001111101111011100001001011010000
11011000110111110100011111111101000100011000000010010111000010110110110010110110
10111000010111100001101010011111110111100111001000110001101010111001111100001001
