11101100000011011001111110111111001111111011110110001111110101001110111010101010
01000010111101110011100001111010010011000110001110000010001100101111011011011100
11111011001000100010101011011010100101000110000001010101100000000011011010010110
01001000000000011101111001100011111011010010101011101001111010111010001001011010
10100110110011111111111100110011100101110110011000111101110100010000001011000100
01110111110111001001000010010010101010100011111000000001000001001000011010000110
11011101100010000011101101101000110000011010011110010100111001010000100001001110
11111100110100011010010010100001001111100110101001010011101110010101010001111000
10101010111011111101000001111111001110101000111000000000110011110001111011100010
01011010110010110101010101001100001100110101110010111111011001001111100110010011
00010100010000011101110111011100111100011010101010111000100010001000001100110100
11101100101011001001011100001000010101011110001001111001101010111100001011001101
11000011101000100100010101110111111100011111001011011111001000011101000111011011
10001101011011101101100000010100110000101100011101011001101111110011011000001100
00101110101101001111011010101100100011010000100010101100110001001000011011001001
01110111100110101001101011011000111001111110000100010110011111110110000101101110
11100100011001100000001010011110000010001001111110110000001100100010010010101110
10110110001001011111111011100001110110010111010111100001111101010101100101001000
11011001010001110101010001011011110101000001110100001100011111010100000000101110
00011111010101000010010100111011001110011101010011000010000001111000111000001000
10010101101010111110010010000001011101001100111001010111101001110001101011100010
11110100110111010001010101001111000111100101001011011011110001101011101111100001
10000101000011101010110001001110101011101100110000111111000111101001101011001111
10001111110011100111100100111000000110011010001000111101000100010001010010010110
01010000000100000011101101001011110110000010010011111001000101010011011010011011
11011001000110010110000110000010111011000011111110010011110111101010010011101000
00110001001100011111001110001001000001001101100010110001100000100011111001011000
01100001001100110001110110100111001001111000111101110111100111011000111101110000
11010111111001111111100111001000001010001101001010101110010101101001101010000101
11000110111100100111000100101100001010001110100001101110110000110010000110110110
00000001100111011011000100001110010010100101001100000100101000001001011111010110
01100111100100111101100011110000011000010010001100110111001111110010011010001011
00000110101011111110010011001111011000001000100011010110010110011110110010100111
01110010011111010110010011000111100111010100101110111010100010100101000010000101
11101011011010001011001000011001011100000101111011101101100011110100111101100000
10001000000110001100010011011111111011000011001110011010100011101100000000010101
10010111110011000001011111011000101111110111001100011100101001011010101111111001
00010011001111001110100011001000101111011101011000001000101111101010110100001100
01011011100011011111010000011111010100010010111100000000001111110110111000011101
10110110010101100010100110101100010011110100011010010001010110011010101010011101
